0	0
10	0
20	3.9376
30	3.91631
40	3.91631
50	3.91631
60	3.92962
70	3.90832
80	3.89767
90	3.89235
100	3.89235
110	3.87637
120	3.87105
130	3.86572
140	3.86306
150	3.86306
160	3.85507
170	3.85241
180	3.84975
190	3.84975
200	3.84709
210	3.84443
220	3.84443
230	3.8391
240	3.83644
250	3.83644
260	3.82579
270	3.82047
280	3.8178
290	3.80715
300	3.81514
310	3.81248
320	3.81248
330	3.81248
340	3.79917
350	3.79651
360	3.79118
370	3.78852
380	3.78852
390	3.78586
400	3.78586
410	3.78586
420	3.78319
429	3.77787
440	3.77521
450	3.77521
460	3.77521
470	3.76988
480	3.77787
490	3.76722
500	3.75923
509	3.75125
520	3.74859
530	3.75657
540	3.75657
550	3.75657
560	3.74592
570	3.72995
580	3.72995
590	3.72995
600	3.73261
610	3.72995
620	3.72729
630	3.71131
640	3.71131
650	3.71131
660	3.7193
670	3.71398
680	3.72196
690	3.7193
700	3.70333
709	3.70333
720	3.698
730	3.698
740	3.69534
750	3.69268
760	3.70067
770	3.69002
780	3.68735
790	3.69534
800	3.68469
810	3.68469
820	3.68203
830	3.67937
840	3.67937
850	3.67937
859	3.68469
869	3.67671
880	3.67671
890	3.67671
900	3.67138
910	3.67138
920	3.66872
930	3.66606
940	3.67404
950	3.67138
960	3.66339
970	3.66073
980	3.66872
990	3.66606
1000	3.66606
1010	3.66606
1019	3.66339
1030	3.65541
1040	3.65541
1050	3.65541
1060	3.65008
1070	3.65008
1080	3.65541
1090	3.64476
1100	3.64476
1110	3.65008
1120	3.63943
1130	3.64742
1140	3.63677
1150	3.63677
1160	3.63677
1170	3.63677
1180	3.63677
1190	3.63677
1200	3.63677
1210	3.63677
1220	3.63677
1230	3.63677
1240	3.63677
1250	3.63677
1260	3.63677
1270	3.63677
1280	3.6421
1290	3.6421
1300	3.6421
1310	3.63677
1320	3.63677
1330	3.6421
1340	3.6421
1350	3.6421
1360	3.63677
1370	3.63677
1380	3.63677
1390	3.63677
1400	3.63677
1409	3.63677
1419	3.62879
1429	3.62879
1440	3.62879
1450	3.62879
1460	3.62612
1470	3.62879
1480	3.62346
1490	3.62879
1500	3.62879
1510	3.62879
1520	3.62879
1530	3.62879
1540	3.62879
1550	3.62879
1560	3.62346
1570	3.62346
1580	3.62346
1590	3.62879
1600	3.62879
1610	3.62879
1620	3.62879
1630	3.62879
1640	3.62879
1650	3.6208
1660	3.6208
1670	3.62346
1680	3.61547
1690	3.61281
1700	3.61015
1710	3.61547
1719	3.61547
1729	3.61547
1739	3.61547
1750	3.61547
1760	3.61547
1770	3.61547
1780	3.61547
1790	3.61547
1800	3.61547
1810	3.61547
1820	3.61547
1830	3.61547
1840	3.61547
1850	3.61547
1860	3.61547
1870	3.61547
1880	3.61547
1890	3.60749
1900	3.60483
1910	3.60216
1920	3.60216
1930	3.60216
1940	3.60216
1950	3.60216
1960	3.60216
1970	3.60216
1980	3.60216
1990	3.60749
2000	3.60749
2010	3.60749
2020	3.5995
2030	3.59684
2039	3.60216
2050	3.60216
2060	3.60216
2070	3.58885
2080	3.58885
2090	3.58885
2100	3.58885
2110	3.58885
2120	3.58885
2130	3.58885
2140	3.58885
2150	3.58885
2160	3.58885
2170	3.58885
2180	3.58885
2190	3.58885
2200	3.58885
2210	3.58885
2220	3.58885
2230	3.58885
2240	3.58885
2250	3.58885
2260	3.58885
2270	3.58885
2280	3.58885
2290	3.58885
2300	3.58885
2310	3.58885
2320	3.59418
2330	3.59418
2340	3.58353
2350	3.58885
2360	3.58087
2370	3.58087
2380	3.58087
2390	3.58087
2400	3.58087
2410	3.58087
2420	3.58087
2430	3.58087
2440	3.58087
2450	3.58087
2460	3.58087
2470	3.58087
2480	3.58087
2490	3.58087
2500	3.58087
2510	3.58087
2520	3.58087
2530	3.58087
2540	3.5782
2550	3.58353
2560	3.58087
2570	3.5782
2580	3.5782
2590	3.5782
2600	3.5782
2610	3.56755
2620	3.56755
2630	3.56755
2640	3.56755
2650	3.56755
2660	3.56755
2670	3.56755
2680	3.56755
2690	3.56755
2700	3.56755
2710	3.56755
2720	3.56755
2730	3.56755
2740	3.56755
2750	3.56755
2760	3.56755
2770	3.56755
2780	3.56755
2790	3.56755
2800	3.56755
2810	3.56755
2819	3.56755
2829	3.56755
2839	3.56755
2849	3.56755
2859	3.56755
2870	3.56755
2880	3.56755
2890	3.56755
2900	3.56755
2910	3.56755
2920	3.56755
2930	3.56489
2940	3.56223
2950	3.56755
2960	3.56755
2970	3.56755
2980	3.56755
2990	3.56755
3000	3.56755
3010	3.56755
3020	3.56755
3030	3.56755
3040	3.56755
3050	3.56755
3060	3.56755
3070	3.56755
3080	3.56755
3090	3.56755
3100	3.56755
3110	3.56755
3120	3.56755
3130	3.56755
3140	3.56755
3150	3.56755
3160	3.56755
3170	3.56755
3180	3.56755
3190	3.56755
3200	3.56755
3210	3.56755
3220	3.56755
3230	3.56755
3240	3.56755
3250	3.56755
3260	3.56755
3270	3.56755
3280	3.56755
3290	3.56755
3300	3.56755
3310	3.56755
3320	3.56755
3330	3.56755
3340	3.55957
3350	3.55957
3360	3.55957
3370	3.54892
3380	3.54892
3390	3.55424
3400	3.55424
3410	3.55424
3420	3.55424
3430	3.55424
3439	3.55424
3449	3.55424
3459	3.55424
3469	3.55424
3479	3.55424
3489	3.55424
3500	3.55424
3510	3.55424
3520	3.55424
3530	3.55424
3540	3.55424
3550	3.55424
3560	3.55424
3570	3.55424
3580	3.55424
3590	3.55424
3600	3.55424
3610	3.55424
3620	3.55424
3630	3.55424
3640	3.55424
3650	3.55424
3660	3.55424
3670	3.55424
3680	3.55424
3690	3.55424
3700	3.55424
3710	3.55424
3720	3.55424
3730	3.55424
3740	3.55424
3750	3.55424
3760	3.55424
3770	3.55424
3780	3.55424
3790	3.55158
3800	3.54093
3810	3.54093
3820	3.54093
3830	3.54093
3840	3.54093
3850	3.54093
3860	3.54093
3870	3.54093
3880	3.54093
3890	3.54093
3900	3.54093
3910	3.54093
3920	3.54093
3930	3.54093
3940	3.54093
3950	3.54093
3960	3.54093
3970	3.54093
3980	3.54093
3990	3.54093
4000	3.54093
4010	3.54093
4020	3.54093
4030	3.54093
4040	3.54093
4050	3.54093
4060	3.54093
4069	3.54093
4079	3.54093
4089	3.54093
4100	3.54093
4110	3.54093
4120	3.54093
4130	3.54093
4140	3.54093
4150	3.54093
4160	3.54093
4170	3.54093
4180	3.54093
4190	3.54093
4200	3.54093
4210	3.54093
4220	3.54093
4230	3.54093
4240	3.54093
4250	3.54626
4260	3.54626
4270	3.54626
4280	3.53827
4290	3.54359
4300	3.53295
4310	3.53295
4320	3.53295
4330	3.53295
4340	3.53295
4350	3.53295
4360	3.53295
4370	3.53295
4380	3.53295
4390	3.51963
4400	3.51963
4410	3.51963
4420	3.51963
4430	3.51963
4440	3.51963
4450	3.51963
4460	3.51963
4470	3.51963
4480	3.51963
4490	3.51963
4500	3.51963
4510	3.51963
4520	3.51963
4530	3.51963
4540	3.51963
4550	3.51963
4560	3.51963
4570	3.51963
4580	3.51963
4590	3.51963
4600	3.51963
4610	3.51963
4620	3.51963
4630	3.51963
4640	3.51963
4650	3.51963
4660	3.51963
4670	3.51963
4680	3.53028
4690	3.53028
4700	3.53295
4710	3.52762
4720	3.53295
4730	3.52496
4740	3.52762
4750	3.52762
4760	3.52762
4770	3.52762
4780	3.52762
4790	3.52762
4800	3.52762
4810	3.52762
4820	3.52762
4830	3.52762
4840	3.52762
4850	3.52762
4860	3.52762
4870	3.52762
4880	3.52762
4890	3.52762
4900	3.52762
4910	3.52762
4920	3.52762
4930	3.52762
4940	3.52762
4950	3.52762
4960	3.52762
4970	3.52762
4980	3.52762
4990	3.52762
5000	3.52762
5010	3.52762
5020	3.52762
5030	3.52762
5040	3.52762
5050	3.52762
5060	3.52762
5070	3.52762
5080	3.52762
5090	3.52762
5100	3.51963
5110	3.51963
5120	3.51963
5130	3.51963
5140	3.51963
5150	3.51963
5160	3.51963
5170	3.51963
5180	3.51963
5190	3.51963
5200	3.51963
5210	3.51963
5220	3.51963
5230	3.51963
5240	3.51963
5250	3.51963
5260	3.51963
5270	3.51963
5280	3.51963
5290	3.51963
5300	3.51963
5310	3.51963
5320	3.51963
5330	3.51963
5340	3.51963
5350	3.51963
5360	3.51963
5370	3.51963
5380	3.51963
5390	3.51963
5400	3.51963
5410	3.51165
5420	3.51165
5430	3.51165
5440	3.51165
5450	3.51165
5460	3.51165
5470	3.501
5480	3.51963
5490	3.51963
5500	3.51963
5510	3.51963
5520	3.51963
5530	3.51963
5540	3.51963
5550	3.51963
5560	3.51963
5570	3.51963
5580	3.51963
5590	3.51963
5600	3.51963
5610	3.51963
5620	3.51963
5629	3.51963
5639	3.51963
5649	3.51963
5659	3.51963
5669	3.51963
5679	3.51963
5689	3.51963
5699	3.51963
5709	3.50632
5719	3.50632
5729	3.49834
5740	3.49834
5750	3.50366
5760	3.49301
5770	3.49301
5780	3.49834
5790	3.49301
5800	3.49301
5810	3.49301
5820	3.49301
5830	3.49301
5840	3.49301
5850	3.49301
5860	3.49301
5870	3.49301
5880	3.49301
5890	3.49301
5900	3.49301
5910	3.49834
5920	3.49834
5930	3.49834
5940	3.48769
5950	3.49567
5960	3.49567
5970	3.48502
5980	3.48236
5990	3.48236
6000	3.4797
6010	3.48502
6020	3.48502
6030	3.48502
6040	3.4797
6050	3.4797
6060	3.48502
6070	3.48502
6080	3.48502
6090	3.48502
6100	3.48502
6110	3.48502
6120	3.48502
6130	3.48502
6140	3.48502
6150	3.48502
6160	3.48502
6170	3.48502
6180	3.48502
6190	3.48502
6200	3.4797
6210	3.4797
6220	3.48502
6230	3.4797
6240	3.48502
6250	3.48502
6260	3.48236
6270	3.4797
6280	3.4797
6290	3.47171
6300	3.47171
6310	3.47171
6320	3.47171
6330	3.47171
6340	3.47171
6350	3.47171
6360	3.47171
6370	3.47171
6380	3.47171
6390	3.47171
6400	3.47171
6410	3.47171
6420	3.47171
6430	3.47171
6440	3.47171
6450	3.46905
6460	3.46639
6470	3.46639
6480	3.4584
6490	3.4584
6500	3.4584
6510	3.4584
6520	3.4584
6530	3.4584
6540	3.4584
6550	3.4584
6560	3.4584
6570	3.4584
6580	3.4584
6590	3.46639
6600	3.46639
6610	3.46639
6620	3.46639
6630	3.46639
6640	3.46639
6650	3.46639
6660	3.46639
6670	3.46639
6680	3.46639
6690	3.46639
6700	3.46639
6710	3.46639
6720	3.4584
6730	3.4584
6740	3.45042
6750	3.44509
6760	3.44509
6770	3.44509
6780	3.44509
6790	3.45042
6800	3.44509
6810	3.44509
6820	3.44509
6830	3.44509
6840	3.44509
6850	3.44509
6860	3.44509
6870	3.44509
6879	3.45042
6889	3.45042
6899	3.45042
6909	3.45042
6919	3.45042
6929	3.44509
6939	3.44243
6949	3.44509
6959	3.44509
6969	3.4371
6979	3.4371
6990	3.4371
7000	3.43977
7010	3.43178
7020	3.43178
7030	3.43178
7040	3.43178
7050	3.43178
7060	3.43178
7070	3.43178
7080	3.43178
7090	3.43178
7100	3.43178
7110	3.42912
7120	3.43444
7130	3.43178
7140	3.43178
7150	3.42113
7160	3.42912
7170	3.42646
7180	3.41581
7190	3.41581
7200	3.41048
7210	3.41048
7220	3.41048
7230	3.41048
7240	3.41048
7250	3.41048
7260	3.41048
7270	3.41048
7280	3.41048
7290	3.41314
7300	3.41581
7310	3.41581
7320	3.41847
7330	3.40782
7340	3.40782
7350	3.40782
7360	3.40782
7370	3.40782
7380	3.40782
7390	3.40782
7400	3.40782
7410	3.40782
7420	3.40782
7430	3.4025
7440	3.4025
7450	3.4025
7460	3.39717
7470	3.39717
7480	3.39451
7490	3.39451
7500	3.39717
7510	3.39717
7520	3.39185
7530	3.39717
7540	3.38918
7550	3.38652
7560	3.39451
7570	3.39185
7580	3.39185
7590	3.38918
7600	3.37854
7610	3.37854
7620	3.37587
7630	3.37587
7640	3.37587
7650	3.37587
7660	3.37587
7670	3.37055
7680	3.37055
7690	3.37587
7700	3.36789
7710	3.37321
7720	3.36256
7730	3.36256
7740	3.3599
7750	3.35724
7760	3.35724
7770	3.36256
7780	3.36256
7790	3.36256
7800	3.36256
7810	3.36256
7820	3.36256
7830	3.36256
7840	3.36256
7850	3.35458
7860	3.35458
7870	3.35458
7880	3.35458
7890	3.35458
7900	3.34126
7910	3.3386
7920	3.33062
7930	3.33062
7940	3.32795
7950	3.32795
7960	3.32795
7970	3.32795
7980	3.32795
7990	3.32795
8000	3.32263
8010	3.32263
8020	3.32263
8030	3.31997
8040	3.31997
8050	3.32529
8060	3.32529
8070	3.31997
8080	3.30666
8090	3.30666
8100	3.30399
8110	3.30133
8120	3.30133
8129	3.29867
8139	3.29601
8149	3.29334
8159	3.30133
8169	3.29601
8179	3.29601
8189	3.2827
8200	3.2827
8210	3.2827
8220	3.27205
8230	3.28003
8240	3.27471
8250	3.27471
8260	3.26406
8270	3.25874
8280	3.25874
8290	3.25607
8300	3.25341
8310	3.25075
8320	3.25075
8330	3.25341
8340	3.24276
8350	3.2401
8360	3.24809
8370	3.23744
8380	3.23211
8390	3.22679
8400	3.22146
8410	3.21348
8420	3.21082
8430	3.20815
8440	3.20815
8450	3.20017
8460	3.19484
8470	3.19484
8480	3.20283
8490	3.18686
8500	3.18419
8510	3.18153
8520	3.17088
8530	3.18153
8540	3.18153
8550	3.15491
8560	3.14426
8570	3.13894
8580	3.13361
8590	3.11764
8600	3.13627
8610	3.10965
8620	3.10965
8630	3.1203
8640	3.1203
8650	3.10433
8660	3.09368
8670	3.08569
8680	3.0777
8690	3.07238
8700	3.07238
8710	3.04842
8720	3.03777
8730	3.0218
8740	3.01381
8750	3.00849
8760	3.01913
8770	2.99251
8780	2.99251
8790	2.99251
8800	2.99251
8810	2.9579
8820	2.94725
8830	2.94459
8840	2.92063
8850	2.902
8860	2.89135
8870	2.87804
8880	2.87005
8890	2.86739
8900	2.85408
8910	2.81947
8920	2.85408
8930	2.79817
8940	2.78752
8950	2.76356
8960	2.79285
8970	2.78752
8980	2.78752
8990	2.78752
9000	2.78752
9010	2.78752
9020	2.78752
9030	2.78752
9040	2.78752
9050	2.78752
9060	2.78752
9070	2.78752
9080	2.78752
9090	2.78752
9100	2.78752
9110	2.78752
9120	2.78752
9130	2.78752
9140	2.78752
9150	2.78752
9160	2.78752
9170	2.78752
9180	2.78752
9190	2.78752
9200	2.78752
9210	2.78752
9220	2.78752
9230	2.78752
9240	2.78752
9250	2.78752
9260	2.78752
9270	2.78752
9280	2.78752
9290	2.78752
9300	2.78752
9310	2.78752
9320	2.78752
9330	2.78752
9340	2.78752
9350	2.78752
9360	2.78752
9370	2.78752
9380	2.78752
9390	2.78752
9400	2.78752
9410	2.78752
9420	2.78752
9430	2.78752
9440	2.78752
9450	2.78752
9460	2.78752
9470	2.78752
9480	2.78752
9490	2.78752
9500	2.78752
9510	2.78752
9520	2.78752
9530	2.78752
9540	2.78752
9550	2.78752
9560	2.78752
9570	2.78752
9580	2.78752
9590	2.78752
9600	2.78752
9610	2.78752
9620	2.78752
9630	2.78752
9640	2.78752
9650	2.78752
9660	2.78752
9670	2.78752
9680	2.78752
9690	2.78752
9700	2.78752
9710	2.78752
9720	2.78752
9730	2.78752
9740	2.78752
9750	2.78752
9760	2.78752
9770	2.78752
9780	2.78752
9790	2.78752
9800	2.78752
9810	2.78752
9820	2.78752
9830	2.78752
9840	2.78752
9850	2.78752
9860	2.78752
9870	2.78752
9880	2.78752
9890	2.78752
9900	2.78752
9910	2.78752
9920	2.78752
9930	2.78752
9940	2.78752
9950	2.78752
9960	2.78752
9970	2.78752
9980	2.78752
9990	2.78752
